$ANSIBLE_VAULT;1.1;AES256
62663433373937636161313031666635353532323662326462376330366564316661313635393862
6538633937393231306339666263666164306162343333620a366133353133643961376539393739
33353461646461323864656233636466363033396535663163653934373638386233353437353161
6234376138373833370a383062353165363832396631656636343531333633386261326562323866
37336135386533643334373830643462633766633739623332366238653834636666626536313736
36316265623033353861633835623066393963393464636261333637613031663061653562343863
37383131346136373334376266636565333737633236623634616439363564333666373462613831
33643135303631623362353937373865616562333238376132613733313337376566346263326537
36393534613838333665666335626439636439626564646130653166383466363832363536323039
30373730323361646665393433333732373338396136383564653037663066343164386365613065
34316263663330326263303934643139636136376364616365356639346433653037643732643864
36633435633561353534
